# 1: Bin number
# 2: r
# 3: g(r)
0	0.006	0
1	0.018	0
2	0.03	0
3	0.042	0
4	0.054	0
5	0.066	0
6	0.078	0
7	0.09	0
8	0.102	0
9	0.114	0
10	0.126	0
11	0.138	0
12	0.15	0
13	0.162	0
14	0.174	0
15	0.186	0
16	0.198	0
17	0.21	0
18	0.222	0
19	0.234	0
20	0.246	0
21	0.258	0
22	0.27	0
23	0.282	0
24	0.294	0
25	0.306	0
26	0.318	0
27	0.33	0
28	0.342	0
29	0.354	0
30	0.366	0
31	0.378	0
32	0.39	0
33	0.402	0
34	0.414	0
35	0.426	0
36	0.438	0
37	0.45	0
38	0.462	0
39	0.474	0
40	0.486	0
41	0.498	0
42	0.51	0
43	0.522	0
44	0.534	0
45	0.546	0
46	0.558	0
47	0.57	0
48	0.582	0
49	0.594	0
50	0.606	0
51	0.618	0
52	0.63	0
53	0.642	0
54	0.654	0
55	0.666	0
56	0.678	0
57	0.69	0
58	0.702	0
59	0.714	0
60	0.726	0
61	0.738	0
62	0.75	0
63	0.762	0
64	0.774	0
65	0.786	0
66	0.798	0
67	0.81	0
68	0.822	0
69	0.834	0
70	0.846	0
71	0.858	0
72	0.87	0
73	0.882	0
74	0.894	0
75	0.906	0
76	0.918	0
77	0.93	0
78	0.942	0
79	0.954	0
80	0.966	0
81	0.978	0
82	0.99	0
83	1.002	0
84	1.014	0
85	1.026	0
86	1.038	0
87	1.05	0
88	1.062	0
89	1.074	0
90	1.086	0
91	1.098	0
92	1.11	0
93	1.122	0
94	1.134	0
95	1.146	0
96	1.158	0
97	1.17	0
98	1.182	0
99	1.194	0
100	1.206	0
101	1.218	0
102	1.23	0
103	1.242	0
104	1.254	0
105	1.266	0
106	1.278	0
107	1.29	0
108	1.302	0
109	1.314	0
110	1.326	0
111	1.338	0
112	1.35	0
113	1.362	0
114	1.374	0
115	1.386	0
116	1.398	0
117	1.41	0
118	1.422	0
119	1.434	0
120	1.446	0
121	1.458	0
122	1.47	0
123	1.482	0
124	1.494	0
125	1.506	0
126	1.518	0
127	1.53	0
128	1.542	0
129	1.554	0
130	1.566	0
131	1.578	0
132	1.59	0
133	1.602	0
134	1.614	0
135	1.626	0
136	1.638	0
137	1.65	0
138	1.662	0
139	1.674	0
140	1.686	0
141	1.698	0
142	1.71	0
143	1.722	0
144	1.734	0
145	1.746	0
146	1.758	0
147	1.77	0
148	1.782	0
149	1.794	0
150	1.806	0
151	1.818	0
152	1.83	0
153	1.842	0
154	1.854	0
155	1.866	0
156	1.878	0
157	1.89	0
158	1.902	0
159	1.914	0
160	1.926	0
161	1.938	0
162	1.95	0
163	1.962	0
164	1.974	0
165	1.986	0
166	1.998	0
167	2.01	0
168	2.022	0
169	2.034	0
170	2.046	0
171	2.058	0
172	2.07	0
173	2.082	0
174	2.094	0
175	2.106	0
176	2.118	0
177	2.13	0
178	2.142	0
179	2.154	0
180	2.166	0
181	2.178	0
182	2.19	0
183	2.202	0
184	2.214	0
185	2.226	0
186	2.238	0
187	2.25	0
188	2.262	0
189	2.274	0
190	2.286	0
191	2.298	0
192	2.31	0
193	2.322	0
194	2.334	0
195	2.346	0
196	2.358	0
197	2.37	0
198	2.382	0
199	2.394	0
200	2.406	0
201	2.418	0
202	2.43	0
203	2.442	0
204	2.454	0
205	2.466	0
206	2.478	0
207	2.49	0
208	2.502	0
209	2.514	0
210	2.526	0
211	2.538	0
212	2.55	0
213	2.562	0
214	2.574	0
215	2.586	0
216	2.598	0
217	2.61	0
218	2.622	0
219	2.634	0
220	2.646	0
221	2.658	0
222	2.67	0
223	2.682	0
224	2.694	0
225	2.706	0
226	2.718	0
227	2.73	0
228	2.742	0
229	2.754	0
230	2.766	0
231	2.778	0
232	2.79	0
233	2.802	0
234	2.814	0
235	2.826	0
236	2.838	0
237	2.85	0
238	2.862	0
239	2.874	0
240	2.886	0
241	2.898	0
242	2.91	0
243	2.922	0
244	2.934	0
245	2.946	0
246	2.958	0
247	2.97	0
248	2.982	0
249	2.994	0
250	3.006	0
251	3.018	0
252	3.03	0
253	3.042	0
254	3.054	16.9521
255	3.066	0
256	3.078	0
257	3.09	0
258	3.102	16.4315
259	3.114	0
260	3.126	32.3604
261	3.138	0
262	3.15	31.8692
263	3.162	0
264	3.174	0
265	3.186	0
266	3.198	0
267	3.21	0
268	3.222	0
269	3.234	0
270	3.246	0
271	3.258	0
272	3.27	0
273	3.282	0
274	3.294	0
275	3.306	0
276	3.318	0
277	3.33	0
278	3.342	0
279	3.354	0
280	3.366	0
281	3.378	0
282	3.39	0
283	3.402	0
284	3.414	0
285	3.426	0
286	3.438	0
287	3.45	0
288	3.462	0
289	3.474	0
290	3.486	0
291	3.498	0
292	3.51	0
293	3.522	0
294	3.534	0
295	3.546	0
296	3.558	0
297	3.57	0
298	3.582	0
299	3.594	0
300	3.606	0
301	3.618	0
302	3.63	0
303	3.642	0
304	3.654	0
305	3.666	0
306	3.678	0
307	3.69	0
308	3.702	0
309	3.714	0
310	3.726	0
311	3.738	0
312	3.75	0
313	3.762	0
314	3.774	0
315	3.786	0
316	3.798	0
317	3.81	0
318	3.822	0
319	3.834	0
320	3.846	10.6892
321	3.858	0
322	3.87	0
323	3.882	0
324	3.894	0
325	3.906	0
326	3.918	0
327	3.93	0
328	3.942	0
329	3.954	0
330	3.966	0
331	3.978	0
332	3.99	0
333	4.002	0
334	4.014	0
335	4.026	0
336	4.038	0
337	4.05	0
338	4.062	0
339	4.074	0
340	4.086	0
341	4.098	0
342	4.11	0
343	4.122	0
344	4.134	0
345	4.146	9.19821
346	4.158	0
347	4.17	0
348	4.182	0
349	4.194	0
350	4.206	0
351	4.218	0
352	4.23	0
353	4.242	17.5732
354	4.254	0
355	4.266	0
356	4.278	0
357	4.29	0
358	4.302	0
359	4.314	0
360	4.326	0
361	4.338	0
362	4.35	0
363	4.362	0
364	4.374	0
365	4.386	0
366	4.398	0
367	4.41	32.5196
368	4.422	0
369	4.434	0
370	4.446	0
371	4.458	7.95576
372	4.47	0
373	4.482	0
374	4.494	15.6576
375	4.506	0
376	4.518	0
377	4.53	0
378	4.542	0
379	4.554	15.2478
380	4.566	0
381	4.578	0
382	4.59	0
383	4.602	0
384	4.614	0
385	4.626	0
386	4.638	0
387	4.65	0
388	4.662	14.5495
389	4.674	0
390	4.686	0
391	4.698	0
392	4.71	0
393	4.722	0
394	4.734	0
395	4.746	0
396	4.758	0
397	4.77	0
398	4.782	13.8284
399	4.794	0
400	4.806	3.42266
401	4.818	0
402	4.83	0
403	4.842	0
404	4.854	0
405	4.866	0
406	4.878	0
407	4.89	0
408	4.902	0
409	4.914	0
410	4.926	0
411	4.938	0
412	4.95	0
413	4.962	0
414	4.974	0
415	4.986	0
416	4.998	0
417	5.01	0
418	5.022	0
419	5.034	0
420	5.046	0
421	5.058	6.18022
422	5.07	0
423	5.082	12.244
424	5.094	0
425	5.106	0
426	5.118	0
427	5.13	0
428	5.142	0
429	5.154	0
430	5.166	0
431	5.178	0
432	5.19	0
433	5.202	0
434	5.214	0
435	5.226	0
436	5.238	0
437	5.25	0
438	5.262	0
439	5.274	0
440	5.286	0
441	5.298	5.63298
442	5.31	0
443	5.322	0
444	5.334	0
445	5.346	0
446	5.358	5.50753
447	5.37	0
448	5.382	0
449	5.394	10.8685
450	5.406	0
451	5.418	0
452	5.43	0
453	5.442	0
454	5.454	0
455	5.466	0
456	5.478	0
457	5.49	0
458	5.502	0
459	5.514	2.60015
460	5.526	0
461	5.538	0
462	5.55	0
463	5.562	0
464	5.574	0
465	5.586	0
466	5.598	0
467	5.61	0
468	5.622	0
469	5.634	0
470	5.646	0
471	5.658	0
472	5.67	0
473	5.682	0
474	5.694	0
475	5.706	0
476	5.718	0
477	5.73	0
478	5.742	0
479	5.754	0
480	5.766	0
481	5.778	0
482	5.79	0
483	5.802	0
484	5.814	0
485	5.826	0
486	5.838	0
487	5.85	9.24018
488	5.862	0
489	5.874	0
490	5.886	0
491	5.898	0
492	5.91	11.3169
493	5.922	0
494	5.934	0
495	5.946	0
496	5.958	0
497	5.97	0
498	5.982	0
499	5.994	0
